Produced by SQM Reader Pro 3.2.2.0
Year/Month/Day,Hour/Minute/Second,MPSAS,NELM,SerialNo,Protocol,Model,Feature,Temp(C),EncOffset,SolarAlt(deg),LunarAlt(deg),LunarPhase
2023/06/23,21:00:05,12.38,-01.3,6547,4,6,80,31.2,0.11,-05,+46,0.29
2023/06/23,21:15:05,15.46,001.7,6547,4,6,80,30.9,0.11,-08,+43,0.29
2023/06/23,21:30:05,17.80,003.8,6547,4,6,80,30.6,0.11,-10,+40,0.29
2023/06/23,21:45:05,18.22,004.2,6547,4,6,80,29.9,0.11,-13,+36,0.30
2023/06/23,22:00:05,18.32,004.2,6547,4,6,80,29.6,0.11,-15,+33,0.30
2023/06/23,22:15:05,18.31,004.2,6547,4,6,80,29.3,0.11,-18,+30,0.30
2023/06/23,22:30:05,18.21,004.1,6547,4,6,80,29.0,0.11,-20,+27,0.30
2023/06/23,22:45:05,17.95,003.9,6547,4,6,80,28.6,0.11,-22,+24,0.30
2023/06/23,23:00:05,17.81,003.8,6547,4,6,80,28.6,0.11,-25,+20,0.30
2023/06/23,23:15:05,17.74,003.7,6547,4,6,80,28.6,0.11,-27,+17,0.30
2023/06/23,23:30:05,17.72,003.7,6547,4,6,80,28.3,0.11,-28,+14,0.30
2023/06/23,23:45:05,17.93,003.9,6547,4,6,80,28.0,0.11,-30,+11,0.30
2023/06/24,00:00:05,17.80,003.8,6547,4,6,80,27.7,0.11,-32,+08,0.30
2023/06/24,00:15:05,17.86,003.9,6547,4,6,80,27.3,0.11,-33,+05,0.30
2023/06/24,00:30:05,17.81,003.8,6547,4,6,80,27.0,0.11,-34,+01,0.31
2023/06/24,00:45:05,17.32,003.4,6547,4,6,80,26.7,0.11,-35,-02,0.31
2023/06/24,01:00:05,16.83,002.9,6547,4,6,80,26.4,0.11,-36,-05,0.31
2023/06/24,01:15:05,17.49,003.5,6547,4,6,80,26.4,0.11,-36,-08,0.31
2023/06/24,01:30:05,17.07,003.2,6547,4,6,80,26.1,0.11,-36,-11,0.31
2023/06/24,01:45:05,17.08,003.2,6547,4,6,80,26.1,0.11,-36,-14,0.31
2023/06/24,02:00:05,17.10,003.2,6547,4,6,80,25.7,0.11,-36,-17,0.31
2023/06/24,02:15:05,17.23,003.3,6547,4,6,80,25.7,0.11,-35,-20,0.31
2023/06/24,02:30:05,17.07,003.2,6547,4,6,80,25.4,0.11,-35,-22,0.31
2023/06/24,02:45:05,17.28,003.3,6547,4,6,80,25.4,0.11,-34,-25,0.31
2023/06/24,03:00:05,17.32,003.4,6547,4,6,80,25.4,0.11,-32,-28,0.31
2023/06/24,03:15:05,18.08,004.0,6547,4,6,80,25.1,0.11,-31,-31,0.32
2023/06/24,03:30:05,17.92,003.9,6547,4,6,80,24.8,0.11,-29,-33,0.32
2023/06/24,03:45:05,17.29,003.4,6547,4,6,80,24.8,0.11,-28,-35,0.32
2023/06/24,04:00:05,18.33,004.2,6547,4,6,80,24.4,0.11,-26,-38,0.32
2023/06/24,04:15:05,17.87,003.9,6547,4,6,80,24.4,0.11,-24,-40,0.32
2023/06/24,04:30:05,17.13,003.2,6547,4,6,80,24.1,0.11,-22,-42,0.32
2023/06/24,04:45:05,17.02,003.1,6547,4,6,80,24.1,0.11,-19,-44,0.32
2023/06/24,05:00:05,17.28,003.3,6547,4,6,80,24.1,0.11,-17,-45,0.32
2023/06/24,05:15:05,17.39,003.4,6547,4,6,80,24.4,0.11,-14,-47,0.32
2023/06/24,05:30:05,16.86,003.0,6547,4,6,80,24.4,0.11,-12,-48,0.32
2023/06/24,05:45:05,16.28,002.4,6547,4,6,80,24.4,0.11,-09,-49,0.32
2023/06/24,06:00:05,13.75,000.0,6547,4,6,80,24.4,0.11,-06,-50,0.33
2023/06/24,06:15:05,10.31,-03.4,6547,4,6,80,24.4,0.11,-04,-50,0.33
2023/06/24,21:00:05,11.88,-01.8,6547,4,6,80,31.2,0.11,-05,+51,0.38
2023/06/24,21:15:05,15.51,001.7,6547,4,6,80,30.9,0.11,-08,+48,0.38
2023/06/24,21:30:05,17.71,003.7,6547,4,6,80,30.2,0.11,-10,+45,0.38
2023/06/24,21:45:05,18.42,004.3,6547,4,6,80,29.9,0.11,-13,+42,0.39
2023/06/24,22:00:05,18.53,004.4,6547,4,6,80,29.3,0.11,-15,+39,0.39
2023/06/24,22:15:05,18.56,004.4,6547,4,6,80,29.0,0.11,-18,+36,0.39
2023/06/24,22:30:05,18.57,004.4,6547,4,6,80,28.6,0.11,-20,+33,0.39
2023/06/24,22:45:05,18.59,004.5,6547,4,6,80,28.3,0.11,-22,+30,0.39
2023/06/24,23:00:05,18.62,004.5,6547,4,6,80,28.0,0.11,-25,+26,0.39
2023/06/24,23:15:05,18.63,004.5,6547,4,6,80,27.7,0.11,-27,+23,0.39
2023/06/24,23:30:05,18.67,004.5,6547,4,6,80,27.3,0.11,-28,+20,0.39
2023/06/24,23:45:05,18.67,004.5,6547,4,6,80,27.0,0.11,-30,+17,0.39
2023/06/25,00:00:05,18.69,004.5,6547,4,6,80,27.0,0.11,-32,+14,0.39
2023/06/25,00:15:05,18.73,004.6,6547,4,6,80,26.7,0.11,-33,+10,0.39
2023/06/25,00:30:05,18.74,004.6,6547,4,6,80,26.4,0.11,-34,+07,0.40
2023/06/25,00:45:05,18.74,004.6,6547,4,6,80,26.4,0.11,-35,+04,0.40
2023/06/25,01:00:05,18.76,004.6,6547,4,6,80,26.1,0.11,-36,+01,0.40
2023/06/25,01:15:05,18.76,004.6,6547,4,6,80,25.7,0.11,-36,-02,0.40
2023/06/25,01:30:05,18.74,004.6,6547,4,6,80,25.4,0.11,-36,-05,0.40
2023/06/25,01:45:05,18.74,004.6,6547,4,6,80,25.4,0.11,-36,-09,0.40
2023/06/25,02:00:05,18.73,004.6,6547,4,6,80,25.4,0.11,-36,-12,0.40
2023/06/25,02:15:05,18.32,004.2,6547,4,6,80,25.4,0.11,-35,-15,0.40
2023/06/25,02:30:05,18.31,004.2,6547,4,6,80,25.1,0.11,-35,-18,0.40
2023/06/25,02:45:05,18.01,004.0,6547,4,6,80,25.1,0.11,-34,-21,0.40
2023/06/25,03:00:05,18.57,004.4,6547,4,6,80,25.1,0.11,-32,-24,0.41
2023/06/25,03:15:05,18.73,004.6,6547,4,6,80,25.1,0.11,-31,-27,0.41
2023/06/25,03:30:05,18.83,004.6,6547,4,6,80,24.8,0.11,-29,-30,0.41
2023/06/25,03:45:05,18.38,004.3,6547,4,6,80,24.8,0.11,-28,-32,0.41
2023/06/25,04:00:05,18.06,004.0,6547,4,6,80,24.8,0.11,-26,-35,0.41
2023/06/25,04:15:05,18.08,004.0,6547,4,6,80,25.1,0.11,-24,-38,0.41
2023/06/25,04:30:05,17.98,004.0,6547,4,6,80,25.1,0.11,-22,-40,0.41
2023/06/25,04:45:05,17.74,003.7,6547,4,6,80,25.1,0.11,-19,-43,0.41
2023/06/25,05:00:05,16.46,002.6,6547,4,6,80,25.1,0.11,-17,-45,0.41
2023/06/25,05:15:05,17.73,003.7,6547,4,6,80,25.4,0.11,-14,-47,0.41
2023/06/25,05:30:05,16.85,003.0,6547,4,6,80,25.4,0.11,-12,-49,0.42
2023/06/25,05:45:05,16.70,002.8,6547,4,6,80,25.7,0.11,-09,-51,0.42
2023/06/25,06:00:05,13.70,-00.0,6547,4,6,80,25.4,0.11,-06,-52,0.42
2023/06/25,06:15:05,10.07,-03.6,6547,4,6,80,25.1,0.11,-04,-54,0.42
2023/06/25,21:00:05,11.80,-01.9,6547,4,6,80,31.5,0.11,-05,+53,0.48
2023/06/25,21:15:05,15.34,001.6,6547,4,6,80,31.2,0.11,-08,+51,0.48
2023/06/25,21:30:05,17.55,003.6,6547,4,6,80,30.9,0.11,-10,+49,0.48
2023/06/25,21:45:05,18.33,004.2,6547,4,6,80,30.2,0.11,-13,+46,0.48
2023/06/25,22:00:05,18.46,004.3,6547,4,6,80,29.9,0.11,-15,+43,0.48
2023/06/25,22:15:05,18.52,004.4,6547,4,6,80,29.6,0.11,-18,+41,0.48
2023/06/25,22:30:05,18.57,004.4,6547,4,6,80,29.3,0.11,-20,+38,0.48
2023/06/25,22:45:05,18.58,004.4,6547,4,6,80,29.0,0.11,-22,+35,0.48
2023/06/25,23:00:05,18.62,004.5,6547,4,6,80,28.6,0.11,-25,+32,0.49
2023/06/25,23:15:05,18.64,004.5,6547,4,6,80,28.6,0.11,-27,+29,0.49
2023/06/25,23:30:05,18.64,004.5,6547,4,6,80,28.3,0.11,-28,+25,0.49
2023/06/25,23:45:05,18.65,004.5,6547,4,6,80,28.0,0.11,-30,+22,0.49
2023/06/26,00:00:05,18.69,004.5,6547,4,6,80,27.7,0.11,-32,+19,0.49
2023/06/26,00:15:05,18.75,004.6,6547,4,6,80,27.3,0.11,-33,+16,0.49
2023/06/26,00:30:05,18.78,004.6,6547,4,6,80,27.0,0.11,-34,+13,0.49
2023/06/26,00:45:05,18.79,004.6,6547,4,6,80,27.0,0.11,-35,+10,0.49
2023/06/26,01:00:05,18.80,004.6,6547,4,6,80,26.7,0.11,-36,+07,0.49
2023/06/26,01:15:05,18.85,004.7,6547,4,6,80,26.4,0.11,-36,+03,0.49
2023/06/26,01:30:05,18.85,004.7,6547,4,6,80,26.4,0.11,-36,+00,0.50
2023/06/26,01:45:05,18.87,004.7,6547,4,6,80,26.1,0.11,-36,-03,0.50
2023/06/26,02:00:05,18.87,004.7,6547,4,6,80,25.7,0.11,-36,-06,0.50
2023/06/26,02:15:05,18.88,004.7,6547,4,6,80,25.7,0.11,-35,-09,0.50
2023/06/26,02:30:05,18.88,004.7,6547,4,6,80,25.4,0.11,-35,-13,0.50
2023/06/26,02:45:05,18.89,004.7,6547,4,6,80,25.4,0.11,-34,-16,0.50
2023/06/26,03:00:05,18.91,004.7,6547,4,6,80,25.1,0.11,-32,-19,0.50
2023/06/26,03:15:05,18.91,004.7,6547,4,6,80,25.1,0.11,-31,-22,0.50
2023/06/26,03:30:05,18.90,004.7,6547,4,6,80,24.8,0.11,-29,-25,0.50
2023/06/26,03:45:05,18.92,004.7,6547,4,6,80,24.8,0.11,-28,-28,0.51
2023/06/26,04:00:05,18.92,004.7,6547,4,6,80,24.4,0.11,-26,-31,0.51
2023/06/26,04:15:05,18.92,004.7,6547,4,6,80,24.4,0.11,-24,-34,0.51
2023/06/26,04:30:05,18.95,004.7,6547,4,6,80,24.1,0.11,-22,-37,0.51
2023/06/26,04:45:05,18.93,004.7,6547,4,6,80,24.1,0.11,-19,-40,0.51
2023/06/26,05:00:05,18.93,004.7,6547,4,6,80,23.8,0.11,-17,-43,0.51
2023/06/26,05:15:05,18.85,004.7,6547,4,6,80,23.5,0.11,-14,-45,0.51
2023/06/26,05:30:05,18.53,004.4,6547,4,6,80,23.5,0.11,-12,-48,0.51
2023/06/26,05:45:05,17.03,003.1,6547,4,6,80,23.5,0.11,-09,-50,0.51
2023/06/26,06:00:05,14.12,000.4,6547,4,6,80,23.5,0.11,-06,-53,0.51
2023/06/26,06:15:05,10.66,-03.0,6547,4,6,80,23.5,0.11,-04,-55,0.52
2023/06/26,18:17:44,13.33,-00.4,6547,4,6,80,42.8,0.11,+27,+48,0.56
2023/06/26,18:50:39,12.97,-00.7,6547,4,6,80,26.7,0.11,+20,+52,0.57
2023/06/26,19:00:05,11.24,-02.4,6547,4,6,80,26.1,0.11,+18,+53,0.57
2023/06/26,19:15:05,13.25,-00.4,6547,4,6,80,26.1,0.11,+15,+54,0.57
2023/06/26,19:30:05,13.84,000.1,6547,4,6,80,26.1,0.11,+12,+55,0.57
2023/06/26,19:45:05,14.09,000.4,6547,4,6,80,25.7,0.11,+09,+56,0.57
2023/06/26,20:00:05,14.46,000.7,6547,4,6,80,25.4,0.11,+06,+56,0.57
2023/06/26,20:15:05,14.91,001.2,6547,4,6,80,25.4,0.11,+03,+56,0.57
2023/06/26,20:30:05,15.48,001.7,6547,4,6,80,25.4,0.11,+00,+55,0.57
2023/06/26,20:45:05,16.08,002.3,6547,4,6,80,25.1,0.11,-02,+54,0.57
2023/06/26,21:00:05,16.23,002.4,6547,4,6,80,25.1,0.11,-05,+53,0.58
2023/06/26,21:15:05,16.25,002.4,6547,4,6,80,24.8,0.11,-07,+52,0.58
2023/06/26,21:30:05,16.26,002.4,6547,4,6,80,24.8,0.11,-10,+50,0.58
2023/06/26,21:45:05,16.82,002.9,6547,4,6,80,24.8,0.11,-13,+48,0.58
2023/06/26,22:00:05,17.76,003.8,6547,4,6,80,24.4,0.11,-15,+46,0.58
2023/06/26,22:15:05,20.13,005.6,6547,4,6,80,24.4,0.11,-18,+43,0.58
2023/06/26,22:31:00,20.14,005.6,6547,4,6,80,25.1,0.11,-20,+41,0.58
2023/06/28,12:48:55,13.63,-00.1,6547,4,6,80,25.4,0.11,+77,-39,0.74
2023/06/28,13:00:05,13.13,-00.6,6547,4,6,80,25.1,0.11,+79,-37,0.74
2023/06/28,13:15:05,13.11,-00.6,6547,4,6,80,25.4,0.11,+81,-34,0.74
2023/06/28,13:30:05,13.10,-00.6,6547,4,6,80,25.1,0.11,+83,-30,0.74
2023/06/28,13:33:00,13.36,-00.3,6547,4,6,80,24.1,0.11,+83,-30,0.74
2023/06/28,14:37:22,13.34,-00.4,6547,4,6,80,26.4,0.11,+74,-17,0.74
2023/06/28,14:45:05,13.07,-00.6,6547,4,6,80,26.1,0.11,+73,-15,0.74
2023/06/28,15:00:05,12.95,-00.7,6547,4,6,80,25.7,0.11,+69,-12,0.74
2023/06/28,15:15:05,12.36,-01.3,6547,4,6,80,25.4,0.11,+66,-09,0.74
2023/06/28,15:30:05,11.86,-01.8,6547,4,6,80,25.1,0.11,+63,-06,0.75
2023/06/28,15:45:05,11.49,-02.2,6547,4,6,80,24.8,0.11,+60,-03,0.75
2023/06/28,16:00:05,11.42,-02.3,6547,4,6,80,25.1,0.11,+57,+00,0.75
2023/06/28,16:15:05,11.39,-02.3,6547,4,6,80,25.1,0.11,+53,+03,0.75
2023/06/28,16:30:05,11.47,-02.2,6547,4,6,80,25.1,0.11,+50,+06,0.75
2023/06/28,16:45:05,11.66,-02.0,6547,4,6,80,25.1,0.11,+47,+09,0.75
2023/06/28,17:00:05,11.62,-02.1,6547,4,6,80,24.8,0.11,+44,+12,0.75
2023/06/28,17:15:05,11.48,-02.2,6547,4,6,80,25.1,0.11,+40,+15,0.75
2023/06/28,17:30:05,11.65,-02.0,6547,4,6,80,25.1,0.11,+37,+17,0.75
2023/06/28,17:45:05,13.08,-00.6,6547,4,6,80,25.1,0.11,+34,+20,0.75
2023/06/28,18:00:05,13.05,-00.6,6547,4,6,80,24.8,0.11,+31,+23,0.76
2023/06/28,18:15:05,13.10,-00.6,6547,4,6,80,24.8,0.11,+28,+25,0.76
2023/06/28,18:30:05,12.95,-00.7,6547,4,6,80,25.1,0.11,+24,+28,0.76
2023/06/28,18:45:05,12.86,-00.8,6547,4,6,80,25.1,0.11,+21,+30,0.76
2023/06/28,19:00:05,12.50,-01.2,6547,4,6,80,25.1,0.11,+18,+32,0.76
2023/06/28,19:15:05,13.53,-00.2,6547,4,6,80,25.1,0.11,+15,+34,0.76
2023/06/28,19:30:05,13.73,000.0,6547,4,6,80,25.1,0.11,+12,+36,0.76
2023/06/28,19:45:05,13.82,000.1,6547,4,6,80,25.1,0.11,+09,+38,0.76
2023/06/28,20:00:05,13.91,000.2,6547,4,6,80,24.8,0.11,+06,+40,0.76
2023/06/28,20:15:05,14.04,000.3,6547,4,6,80,24.8,0.11,+03,+41,0.76
2023/06/28,20:30:05,14.18,000.5,6547,4,6,80,24.8,0.11,+00,+42,0.76
2023/06/28,20:45:05,14.23,000.5,6547,4,6,80,24.8,0.11,-02,+43,0.77
2023/06/28,21:00:05,14.21,000.5,6547,4,6,80,24.8,0.11,-05,+44,0.77
2023/06/28,21:15:05,14.22,000.5,6547,4,6,80,24.4,0.11,-07,+44,0.77
2023/06/28,21:30:05,14.20,000.5,6547,4,6,80,24.4,0.11,-10,+44,0.77
2023/06/28,21:45:05,14.21,000.5,6547,4,6,80,24.4,0.11,-13,+44,0.77
2023/06/28,22:00:05,17.51,003.5,6547,4,6,80,24.4,0.11,-15,+43,0.77
2023/06/28,22:15:05,19.94,005.5,6547,4,6,80,24.1,0.11,-18,+43,0.77
2023/06/28,22:30:05,17.63,003.7,6547,4,6,80,24.1,0.11,-20,+42,0.77
2023/06/28,22:45:07,20.80,006.0,6547,4,6,80,24.1,0.11,-22,+41,0.77
2023/06/28,23:01:00,20.80,006.0,6547,4,6,80,24.8,0.11,-25,+39,0.77
2023/06/28,23:16:00,20.80,006.0,6547,4,6,80,24.8,0.11,-27,+38,0.78
2023/06/28,23:30:26,21.64,006.5,6547,4,6,80,24.4,0.11,-28,+36,0.78
2023/06/28,23:45:24,21.58,006.4,6547,4,6,80,24.4,0.11,-30,+34,0.78
2023/06/29,00:01:00,21.58,006.4,6547,4,6,80,24.4,0.11,-32,+32,0.78
2023/06/29,00:16:00,21.58,006.4,6547,4,6,80,24.4,0.11,-33,+29,0.78
2023/06/29,00:30:12,20.77,006.0,6547,4,6,80,24.1,0.11,-34,+27,0.78
2023/06/29,00:46:00,20.77,006.0,6547,4,6,80,24.1,0.11,-35,+25,0.78
2023/06/29,01:01:00,20.77,006.0,6547,4,6,80,24.1,0.11,-36,+22,0.78
2023/06/29,01:16:00,20.77,006.0,6547,4,6,80,24.1,0.11,-36,+19,0.78
2023/06/29,01:31:00,20.77,006.0,6547,4,6,80,23.8,0.11,-36,+17,0.78
2023/06/29,01:46:00,20.77,006.0,6547,4,6,80,23.8,0.11,-36,+14,0.78
2023/06/29,02:01:00,20.77,006.0,6547,4,6,80,23.8,0.11,-36,+11,0.79
2023/06/29,02:16:00,20.77,006.0,6547,4,6,80,23.5,0.11,-35,+08,0.79
2023/06/29,02:31:00,20.77,006.0,6547,4,6,80,23.5,0.11,-35,+05,0.79
2023/06/29,02:46:00,20.77,006.0,6547,4,6,80,23.5,0.11,-34,+02,0.79
2023/06/29,03:01:00,20.77,006.0,6547,4,6,80,23.5,0.11,-33,+00,0.79
2023/06/29,03:16:00,20.77,006.0,6547,4,6,80,23.5,0.11,-31,-03,0.79
2023/06/29,03:31:00,20.77,006.0,6547,4,6,80,23.5,0.11,-30,-07,0.79
2023/06/29,03:46:00,20.77,006.0,6547,4,6,80,23.5,0.11,-28,-10,0.79
2023/06/29,04:01:00,20.77,006.0,6547,4,6,80,23.5,0.11,-26,-13,0.79
2023/06/29,04:16:00,20.77,006.0,6547,4,6,80,23.5,0.11,-24,-16,0.79
2023/06/29,04:31:00,20.77,006.0,6547,4,6,80,23.5,0.11,-22,-19,0.79
2023/06/29,04:46:00,20.77,006.0,6547,4,6,80,23.5,0.11,-19,-22,0.80
2023/06/29,05:01:00,20.77,006.0,6547,4,6,80,23.5,0.11,-17,-25,0.80
2023/06/29,05:16:00,20.77,006.0,6547,4,6,80,23.5,0.11,-14,-28,0.80
2023/06/29,05:31:00,20.77,006.0,6547,4,6,80,23.8,0.11,-12,-31,0.80
2023/06/29,05:46:00,20.77,006.0,6547,4,6,80,23.8,0.11,-09,-34,0.80
2023/06/29,06:15:08,20.93,006.1,6547,4,6,80,22.8,0.11,-04,-41,0.80
2023/06/29,06:30:05,18.34,004.2,6547,4,6,80,22.8,0.11,-01,-44,0.80
2023/06/29,06:45:05,16.79,002.9,6547,4,6,80,22.8,0.11,+01,-47,0.80
2023/06/29,07:00:05,15.95,002.1,6547,4,6,80,22.8,0.11,+04,-50,0.80
2023/06/29,07:15:05,15.40,001.6,6547,4,6,80,23.2,0.11,+07,-53,0.80
2023/06/29,07:30:05,15.08,001.3,6547,4,6,80,22.8,0.11,+10,-56,0.81
2023/06/29,07:45:05,14.93,001.2,6547,4,6,80,23.2,0.11,+13,-59,0.81
2023/06/29,08:00:05,14.56,000.8,6547,4,6,80,23.2,0.11,+16,-62,0.81
2023/06/29,08:15:05,14.61,000.9,6547,4,6,80,23.2,0.11,+19,-65,0.81
2023/06/29,08:30:05,14.46,000.7,6547,4,6,80,23.2,0.11,+22,-68,0.81
2023/06/29,08:45:05,14.13,000.4,6547,4,6,80,23.2,0.11,+25,-70,0.81
2023/06/29,09:00:05,14.15,000.4,6547,4,6,80,23.2,0.11,+28,-73,0.81
2023/06/29,09:15:05,13.86,000.1,6547,4,6,80,23.2,0.11,+32,-75,0.81
2023/06/29,09:30:05,13.85,000.1,6547,4,6,80,23.2,0.11,+35,-77,0.81
2023/06/29,09:45:05,13.94,000.2,6547,4,6,80,22.8,0.11,+38,-78,0.81
2023/06/29,10:00:05,13.99,000.3,6547,4,6,80,22.8,0.11,+41,-78,0.81